4916.4334881818
8.4239431582729
500.01516208933
494.82109863565
497.5777626605
65.36056226108
60.528745693232
58.31243199
61.556011830726
57.946718210673
61.53127421875
58.218990197689
61.879420341147
57.831031131927
61.609088035817
58.196861511881
61.711961994652
58.913425864408
58.766449170275
61.369206105206
56.729079552308
60.334524882729
60.96427860164
61.425480703234
57.692504374253
62.089126404465
57.992181366978
61.200999289991
57.784262451214
62.218884247827
57.992181366978
58.768060319825
62.307502251084
58.60577974652
57.99531938721
61.811615104719
60.946944923266
56.730580917428
60.586913511434
60.089283212442
58.19212183903
61.199251981148
61.890140033131
58.050289766675
58.840653307889
62.155739845406
57.923230740839
58.681184808038
61.183530758263
61.429001292563
58.777729028649
61.200999283178
57.714251098429
61.239465186666
58.141613323567
61.152112517804
58.157387813464
60.365108415291
59.474085793037
61.155601833082
57.846637526361
61.225471992115
61.044140680233
58.133729287164
61.970656262541
57.591751744395
61.188770263816
57.965521905561
60.756922988485
57.778032347963
61.874061887564
58.220571455897
61.35690977895
58.204762682601
60.908845505095
61.274476179862
57.597941743671
59.074160833405
62.220690251812
58.482661722579
61.598465473733
57.72668515428
61.524209988002
60.549262753497
57.921665586487
59.321018403388
61.752852037385
57.860690473319
61.068488077518
60.957343947272
59.11162893409
58.756784171776
58.821277646335
62.026244970351
57.714251098429
59.953152092325
61.708408904672
57.798285110793
61.066748333638
61.430761738569
57.974928323979
61.416680995147
57.573189726798
61.726178481814
57.680085031165
61.295501986807
57.952984747199
61.075448044432
61.192263777443
40.207926919529
47.267144434454
125.04754403784
51.736942460507
71.202956318694
70.997780872016
59.886154099731
62.17917851337
58.745512343851
61.543640538902
58.122695227626
61.79557772722
57.868500620179
61.623257152314
58.080174491381
61.381507360979
60.628040497699
57.537645956182
62.049586057768
57.299251539316
61.49067699143
61.169563104308
57.952984753308
61.868704361932
58.081748223999
58.084895951237
61.441326527053
58.173170865285
62.226108914018
58.447580097713
62.128717176508
57.974928330092
61.69952794522
57.661466038867
61.344618379247
58.607382091873
58.260131000506
61.460704766273
61.420200568951
57.971792516058
61.852637350333
58.52737201182
58.850345926195
58.797076006375
60.679527829961
58.560949622046
61.155601839885
61.499497917927
58.371184271695
58.347351515769
61.22197469262
61.729733625377
57.675429155912
58.195281528986
62.144927957518
61.059790349254
57.924795979781
61.603776296853
58.589761110622
58.02357686502
60.901923455249
61.051095098198
58.067587699881
61.924110240312
57.787378015814
60.774148733316
58.256964258692
61.566619754462
57.756237540767
61.902651035548
60.710462215743
58.469899890273
58.001596452714
61.681773713659
58.277554236272
61.413161817825
58.0848959451
61.711961994652
58.033002142396
61.421960510559
61.108529564004
58.406174219869
58.171592174618
61.495969243656
61.117241184222
58.121119275326
61.483622071901
58.073880413623
58.618600963167
61.967073315159
58.374363443603
61.879420341147
58.070733886278
61.239465186666
58.128999891555
61.708408904672
58.168435044167
60.562948522691
57.6909516639
61.824094369722
58.223734248515
62.242370564908
58.508202094672
58.225315764439
61.239465193487
58.2522147914
61.448371749854
60.992033004354
58.236388825217
61.660482110157
58.214246919887
58.345763357325
61.518912867272
61.379749736806
58.345763357325
58.146344771949
60.612611340551
61.157346643451
58.55934981461
61.577231334948
58.525774044655
60.834515830169
58.301330001604
61.460704759402
57.998457753182
61.143390947575
57.308442949816
61.800922588028
61.283235175519
58.352116509894
57.881001241695
62.020861066121
57.912276436363
61.628572244489
57.970224736248
61.963490782064
57.446668810844
62.065755565521
58.045573937005
60.978152644871
60.431479240076
58.287062212524
61.692425030417
57.866938422135
61.722623740793
58.206343174203
61.311280819038
57.4282001819
62.438175411807
58.301329995421
58.79062559881
61.945584328352
57.978064477276
61.453656722192
58.274385600138
61.761748355394
57.711143413797
61.81161509777
57.852882440434
61.813397542453
58.626617072693
58.821277646335
62.255024392901
58.785788721851
58.366416163068
62.23152852715
58.511396203561
58.453955444079
61.621485656345
58.184224093481
61.865133193587
58.318777885477
61.999334764492
58.410948826859
58.406174213664
61.96169967085
57.756237540767
62.119714840921
58.835808195914
61.743958288837
58.163700006371
58.353705014223
61.745736833598
57.899762303584
62.017272304195
57.971792516058
61.62502875014
57.820111669553
62.202634865248
58.401400393385
61.868704361932
57.846637520274
58.170013569632
61.956326951459
57.708036075936
61.738623269259
58.476280113252
61.997541573512
58.012584576825
61.681773706739
58.450767597053
58.28072321701
61.62502875014
58.24904891625
61.571925087494
60.812079775544
57.913841083324
61.816962740237
58.620204003448
58.105364457578
62.343745454933
57.989043686313
60.358309400686
58.848730268063
61.925899178976
57.684741658174
62.305691197023
56.926437390481
61.554244198821
57.982769349577
62.233335265261
58.842268522549
61.573693735031
58.766449176556
57.793610134791
61.694200607527
58.508202088445
61.940214410188
57.264045089297
62.392740715493
58.162121829691
58.975018568406
61.091113771944
57.971792516058
61.900863439814
58.253797861116
61.402606705231
58.242718179674
62.029834770828
57.989043686313
60.382112678263
58.204762682601
61.157346643451
60.629755340818
59.636239708297
58.242718179674
61.462467029904
58.070733886278
61.515381964758
58.158965733244
61.462467023032
58.073880419758
61.890140026164
58.548153615789
62.060364793327
57.673877364519
58.463521065625
61.183530758263
61.125955288648
58.711722812441
61.066748333638
58.450767597053
58.485853043375
61.311280819038
58.301329995421
61.522444182032
58.256964258692
61.248214181866
59.418034152875
58.249048910078
61.751073089645
58.207923745477
61.554244198821
58.223734248515
62.098119875893
58.147922092541
61.711961994652
57.248751436472
62.199025043902
58.237971034861
61.972447891611
59.002614916937
58.034573319667
61.400847865675
58.866507388128
58.645864683524
61.362179029635
58.15265456781
60.900193188613
59.275087795884
62.099918882832
58.163700006371
58.16685661668
61.570156541559
58.27596988131
61.895501265046
58.034573319667
61.621485656345
58.544955480141
61.845499134639
58.048717738314
58.918283768929
61.450133299427
58.122695227626
60.978152651634
58.653888245677
61.695976286845
57.748457665356
61.32882237847
58.028289120982
62.370955540086
58.110090001695
60.077494395357
61.990369874711
58.387083595045
58.108514732874
61.589616136429
57.968657041233
60.602329593423
59.914609941377
61.927688221006
58.244300733263
58.372773814362
61.573693735031
58.144767536927
62.083731571895
58.181065604096
61.849068036525
57.857567004831
58.573751229034
62.031629823392
61.328822385312
58.556150461953
57.632010538419
62.083731571895
58.320364575163
61.220226192696
58.666730528974
61.582538497063
58.241135718252
62.381846225819
58.718155916519
60.320942143765
57.89663461539
58.661914016119
61.640977715587
58.581755075988
62.074742267306
58.22689737245
57.968657041233
61.517147365349
58.193701644198
62.031629816393
58.3839030375
62.17917851337
58.214246913722
61.35515356315
57.618068434058
61.827660808518
57.804519588762
61.557779564154
57.647509681077
61.548941912162
57.672325656628
61.747515480824
58.100639675825
62.081933502699
58.062869059443
62.434538201132
57.599489451404
62.434538201132
57.584016116019
61.845499134639
57.485183299252
59.429565551537
61.267470780393
58.271217308552
62.080135537651
57.4805588341
62.105316529118
58.482661716358
61.276227780051
57.877875580026
61.820528349303
58.023576858896
58.350528092046
61.990369881701
58.687611221328
62.671841652214
58.51938301734
58.31719128831
61.260466975744
58.296573291733
61.719069423034
58.485853043375
60.870793697653
57.715805063228
61.485385650012
61.051095098198
55.888955519544
61.323558861581
62.128717176508
57.253338676291
61.439565475485
61.00071143842
58.274385606315
61.612629704046
56.837381339821
61.653388175074
60.758645123536
57.463608825685
60.566370931717
61.255215178128
57.937320937349
60.827610670335
61.129441626234
57.72668515428
61.694200607527
58.538560269368
58.594565781862
61.630344154848
58.188962486004
61.857992093557
57.927926711459
60.370208686506
59.70933148035
58.158965733244
62.525595773368
58.111665355927
60.818981416217
57.452827660517
62.759918016854
57.079538799882
60.090967706858
62.098119875893
58.135305923387
60.598903119491
58.885912856996
61.74040151361
58.132152736455
61.831227644904
57.582469239705
61.143390954375
61.148623587075
57.557730522458
61.76352791827
57.37440111775
62.026244970351
58.564149499165
61.290244180699
58.203182276828
61.875847935641
57.528380877167
61.644523051299
58.250631807723
61.529508014148
58.22689737245
58.489044724928
62.224302588419
58.425277332769
62.409089586757
58.124271265391
58.045573937005
61.781329258353
58.274385606315
61.656934931652
58.819663583848
61.392055220239
57.877875580026
60.901923461996
58.136882645132
62.258640717387
57.765576158704
61.724401056659
58.19212183903
61.22197469262
58.348939760673
62.166555496023
58.182644809002
58.241135712082
61.358666095291
58.27755424245
61.314788329475
58.092766740715
61.188770263816
57.148017813295
63.010817479818
58.399809291302
61.76708736557
58.143190387469
60.511658761408
58.396627347213
61.200999289991
58.083322041904
61.084150234341
58.345763357325
61.911590563127
56.953662618318
62.21527253324
58.06444186051
63.643151922945
58.141613323567
58.560949622046
61.607317354388
58.282307836623
61.759968888125
57.879438368662
61.313034524094
58.710114756667
61.813397542453
57.339102293101
61.988577209254
58.155809979302
58.501814904292
61.464229394597
58.396627347213
61.672900418576
58.102214511557
59.99342289899
59.876117313864
59.118149977747
60.588626022108
60.858696270841
58.536961684977
62.177374911335
58.158965733244
58.39662734101
62.130517956741
58.729417247822
61.381507360979
58.095915656252
61.678224085093
58.051861886314
61.467754420329
58.468305059837
61.671126067289
57.667671033897
58.669941976975
62.242370564908
57.666119659945
61.559547399116
58.195281535146
61.913378778488
58.697253480881
61.804486353833
58.39503649899
57.887253577938
62.580357930457
58.0848959451
61.448371742986
58.528970078709
61.321804554438
58.352116509894
61.478331944529
58.138459452406
58.337823861775
61.922321405003
57.793610134791
61.460704766273
58.103789438805
61.651614939427
58.245883379026
61.423720559892
58.347351515769
61.487149329298
58.837423144579
61.400847872533
57.979632681166
59.114889276082
61.400847872533
58.344175285336
61.841930644606
61.084150234341
57.573189726798
58.468305059837
61.708408897745
57.993750340762
60.967746520535
58.495429120755
62.116114630101
58.070733892412
59.114889276082
61.630344147939
57.862252334032
62.807729501409
57.622715052603
61.719069423034
58.291817364164
62.396373057716
58.231642712069
58.218990197689
61.545407561848
58.382312888666
61.42372055303
57.921665586487
62.020861066121
57.642859063022
61.856207076136
57.827910864707
62.631555880036
58.282307836623
61.307773709872
58.204762682601
61.786671661508
58.673153776588
58.157387813464
61.458942596824
58.004735491977
61.339352143912
58.231642712069
61.429001292563
61.242964484789
58.272801417457
61.070227913745
57.888816873061
58.364826966626
61.423720559892
58.247466104629
61.997541573512
57.520662268041
61.325313269102
61.37272023972
57.934189190188
60.85524074632
61.255215178128
58.128999891555
58.285477340553
61.60377628995
58.832578564529
61.513616672373
58.223734242348
61.113756238089
58.028289114857
61.075448044432
58.209504414921
59.93638855069
58.957175859199
62.182786031364
58.533764778107
58.848730268063
62.096320973184
58.366416163068
61.393813549233
58.291817364164
57.580922446497
62.994151877178
58.116391931154
61.492440974292
58.897238633353
61.793796303128
58.143190387469
58.111665355927
62.220690258854
58.044002164043
61.084150234341
58.398218275914
61.374477468179
58.135305923387
61.970656255555
58.073880413623
60.691554124762
58.748732422996
61.411402380396
57.563913204228
63.021932793392
57.345238092771
61.710185401981
58.428462393688
62.017272311191
58.157387813464
61.51361666549
58.015724799463
61.494205065243
57.449748070617
61.936634974966
58.21108516405
58.19844157441
61.323558861581
61.508321375537
58.461926576927
57.992181373095
61.945584328352
58.442799494277
61.400847872533
58.28072321701
61.363935647655
57.845076502409
62.10171799401
58.761616276746
61.598465473733
58.241135712082
61.377992213288
58.314018334393
57.448208399468
63.033052021985
58.514590667445
60.815530400072
57.628911709939
61.818745493355
58.813208219606
61.726178481814
57.442050540056
61.416680988286
58.204762682601
62.040606637824
57.656813168818
62.472750061033
57.720467459753
60.645193228445
58.962040988126
61.575462484179
57.635109700177
61.703080019462
57.79984361028
61.441326527053
61.272724672982
57.856005403132
61.421960510559
58.436426587231
61.248214181866
58.138459452406
61.710185401981
57.973360374557
60.820707071166
58.353705014223
61.561315335619
58.468305059837
61.487149329298
57.624264092001
61.626800449832
57.993750340762
61.742179846533
57.533013046675
60.713901317528
58.681184814302
61.404365631837
58.174749641642
62.069349933971
58.16685661668
61.938424644352
57.76246294446
58.162121829691
61.421960517422
62.058568077353
57.714251098429
60.537292778336
61.22197469262
57.585563075444
62.503717746677
57.703375687414
60.988562322099
58.2648817588
58.511396209788
61.096337467146
61.564851513283
58.481066183448
60.817255859189
57.594846577716
62.378215574679
57.656813168818
58.902093868586
61.633888267432
58.368005446055
62.031629816393
58.044002170172
61.290244180699
59.255425015723
60.774148733316
58.455549497992
61.356909772102
58.724590436787
59.829323434896
58.910187700104
60.407637032614
60.940014218262
57.943585441429
61.132928361532
58.345763357325
61.80983275588
57.807637338219
61.609088028913
58.307673480813
61.913378771515
58.113240795576
58.390264499141
61.868704361932
57.848198622394
61.420200575813
58.260131000506
61.571925087494
58.061296355843
61.070227920529
58.412540529794
61.365692366251
58.212665999037
62.037015597494
58.233224669996
60.598903119491
58.304501562484
61.283235175519
61.284987276522
57.528380883187
61.717292407265
57.956118532916
62.037015597494
57.703375687414
62.119714840921
57.782704797927
58.800301747272
61.399089133735
60.867336799263
57.876312875782
62.015478082469
57.509859685836
61.799140862715
57.899762303584
61.030236596346
57.708036075936
62.41999359501
58.372773814362
58.325125162297
61.639205200653
58.006305132905
61.956326958441
56.627172818244
64.576881371429
57.658364042065
58.471494813935
61.237715687557
61.543640545792
58.52737201182
58.463521065625
61.187023666799
58.487448837498
61.075448044432
61.414921356072
57.659914998746
61.251714479946
58.117967627097
61.174800231382
57.708036075936
62.085529745249
57.216661328316
61.400847865675
58.745512350128
61.374477461327
58.484257342553
61.323558861581
58.613792349579
61.145135061234
57.992181373095
61.256965677279
58.080174497517
61.474805698662
57.742235273934
62.159344637072
58.23797104103
59.090445474048
60.681245573566
61.492440981171
57.881001241695
61.462467023032
58.094341155813
61.349885518915
58.363237856723
62.197220290342
57.982769343462
58.27913868974
63.122147293671
58.495429114531
61.665803632876
58.094341155813
58.301329995421
61.637432787655
58.140036345215
61.540106797391
58.371184271695
61.02154975989
59.624627967622
58.382312888666
61.099820426932
58.298158773384
61.927688221006
58.492236742405
61.902651035548
58.492236742405
57.960819837845
61.60023564636
58.155809979302
61.633888267432
58.025147525844
62.732367576395
58.003165923756
61.44132653392
57.926361303319
61.719069416105
58.371184271695
58.653888251935
62.001128045222
58.55934981461
61.96886473706
58.30291573582
61.323558861581
58.176328503694
58.377542961835
62.029834763829
58.203182276828
61.311280819038
58.015724799463
61.963490782064
57.866938422135
61.743958288837
58.798688835727
61.363935640805
58.578553274735
58.121119275326
61.754631101499
58.694039042337
62.013683971553
58.626617072693
57.69561003966
61.781329265296
61.377992206435
57.588657249688
61.556011830726
58.318777885477
58.108514732874
61.849068036525
58.615395133115
61.829444171793
58.458737866654
61.69952794522
58.064441854377
61.110271689362
58.368005446055
62.002921443678
58.0848959451
61.924110233337
58.369594815595
58.29974434746
61.708408897745
58.264881764975
58.768060313543
61.644523051299
58.061296349711
61.808050516775
58.328299318852
61.311280819038
58.666730528974
61.854422161731
57.782704797927
61.774207498044
58.596167514062
58.168435044167
61.274476179862
58.196861505721
61.098078897401
61.263968674483
58.485853049597
60.948677847534
57.607229237882
61.954536261352
58.304501562484
61.62502875014
58.255381023051
61.288491779104
57.898198417247
61.568388097218
58.410948820653
61.253464785844
58.358471046177
61.557779564154
57.779589743272
61.96169967085
58.310845731914
58.314018334393
62.161147200251
58.301329995421
61.940214410188
58.399809291302
57.816992580506
61.377992213288
58.418908240149
61.214981292122
60.439998869257
58.434833576077
61.735067101705
58.541757706332
58.847114698639
62.260449037186
58.460332181417
58.279138683562
61.857992093557
60.724220961084
58.535363187892
57.974928330092
61.577231334948
58.452361477102
62.33286806732
58.477875378793
58.218990197689
61.462467023032
61.117241184222
58.404582857661
58.214246919887
61.986784647476
58.404582857661
62.063958537402
58.187382938133
61.740401506676
58.151076990464
61.235966288405
58.679578430881
57.26557491057
61.890140033131
58.407765662595
61.360422512184
58.620204009699
61.626800449832
58.528970072478
61.619714262224
58.557750094582
57.675429155912
61.800922588028
58.540158947306
61.78310995675
57.909147396057
62.18819808627
58.729417247822
61.162581671978
58.505008328267
57.959252651457
61.559547399116
58.710114756667
61.849068036525
57.845076502409
61.561315335619
58.157387813464
60.64347752532
58.832578564529
61.262217775075
57.92949220421
61.733289171551
58.252214797573
61.194010673638
58.314018340579
61.841930637649
57.843515574876
62.341932293372
58.245883372855
61.363935647655
58.420500383117
60.912307120117
58.106939555599
61.24471428382
57.898198417247
61.665803625959
58.573751235275
58.747122339298
61.740401506676
58.353705014223
60.789660257139
60.715621021243
59.239049327847
57.92949220421
61.302513798356
57.998457753182
61.997541573512
58.743902436646
61.866918726224
57.422046610864
61.313034524094
58.203182276828
62.712179282852
57.610325734913
61.706632502716
57.543824329647
60.736264979953
57.785820194557
62.46182760769
57.993750340762
61.888353159888
57.957685543706
61.503027004057
58.196861505721
61.538340085696
57.910711873943
61.571925087494
58.241135712082
61.575462484179
57.863814279069
61.96169967085
57.957685543706
62.051382260682
57.902890329723
60.997239768449
58.500218326146
61.155601839885
58.184224099639
61.735067101705
57.584016116019
62.098119875893
57.801402187741
61.904438734531
57.88412724098
61.859777214004
57.582469239705
62.00830223362
58.713330962577
58.774505770138
60.242959922083
58.703683420605
61.325313269102
60.763812114498
57.768689702481
61.432522278615
56.822314708318
63.616708707322
58.564149499165
61.267470780393
58.294987896317
58.536961684977
62.107115953067
58.301329995421
61.758189523392
58.361648833352
60.986827129088
58.045573937005
60.506534562885
58.517785486385
61.925899172001
58.138459452406
60.597190027822
58.382312888666
62.265874633969
57.942019186882
61.790233783889
58.91504507059
57.784262457288
61.369206098356
58.321951357378
62.033424972852
57.649060053861
61.802704416082
58.050289766675
62.45636782376
57.571643438109
61.146879274398
57.940453023113
61.916955519124
57.652161049615
61.633888267432
57.599489451404
61.836578681622
57.899762303584
61.53657346166
58.162121829691
61.945584321372
58.634635374928
61.91516709715
58.077027281972
61.290244180699
56.645129752671
62.638876713154
59.201419572807
58.034573319667
61.984992189368
57.932623443567
62.309313410432
58.320364575163
61.54010680428
59.012360971855
57.667671033897
61.118983806336
58.692431955086
62.139523423983
58.058151185827
59.404860882566
61.328822385312
58.32195135119
61.642750332466
58.336236221949
61.110271689362
59.017235206805
60.520201021263
58.753563203665
61.908014442278
58.505008328267
57.663017162436
61.483622071901
60.843149500074
58.247466098458
60.554394192042
58.832578564529
62.296637505716
56.709569040587
60.052248214106
61.726178474883
58.425277332769
59.136090268714
61.00071143842
61.471279857285
58.58495722727
57.440511281466
62.389108796152
58.23480670771
62.470929380961
57.959252651457
61.258716276482
57.119084420435
61.788452667887
58.157387813464
61.779548662598
58.061296349711
61.692425030417
60.581776560205
58.628220557694
57.820111669553
61.704856209958
60.993768500383
57.711143419856
61.110271682569
57.522205825368
62.611432409628
57.502146039556
61.53657346166
57.69405716819
61.997541573512
59.051377409892
62.294827090248
57.596394119111
61.160836562891
57.248751436472
61.066748333638
61.148623593876
58.225315770606
62.472750053934
58.634635374928
57.862252334032
61.120726527828
61.129441626234
59.573258852068
57.449748064614
62.692003978969
58.512993398131
58.244300733263
61.306020305745
60.808629542564
57.199866577382
61.66225584901
57.550004024092
61.207989495972
61.409643036918
58.081748230136
57.403593807652
61.342862866999
59.946445547924
61.911590563127
58.552951458866
57.835712164169
61.632116160189
57.99061249032
62.229721879852
57.904454469539
61.270973273059
56.457148128223
62.620577838343
59.332512179401
61.328822385312
57.876312875782
61.758189516454
58.081748223999
61.626800449832
60.786212567605
60.395722982394
57.799843604203
56.890177555782
62.378215574679
59.75094076519
61.54187361742
58.193701644198
60.948677847534
58.792238068013
58.287062218704
61.612629697141
57.954551600749
61.550709239547
61.392055220239
58.50979910241
58.231642718237
61.993955516699
57.971792516058
61.688874182791
58.481066183448
58.182644809002
61.635660476584
58.832578564529
62.327430796759
56.823821006721
62.008302240614
59.564981799184
60.881166749198
58.14792208639
58.301330001604
61.180038241686
61.759968888125
58.128999891555
61.299007692067
57.85912869692
62.047789965844
57.579375736387
61.852637350333
57.720467459753
60.981622142424
58.47308983083
61.909802451061
58.163700000217
61.81518009689
57.965521899449
61.286739477714
57.860690473319
61.840146554011
57.806078424491
61.674674871967
58.081748230136
60.993768493616
58.201601956876
62.00830223362
58.223734248515
61.190516967361
57.618068434058
61.138159210337
58.14949949871
61.096337467146
61.587846574074
57.815433162174
62.094522174695
57.887253577938
61.335841822648
57.406668451215
61.772427305831
57.405131094258
61.579000287346
61.432522278615
57.935755021447
61.381507360979
57.520662262023
62.780137070309
58.637843309982
58.78417660639
58.058151185827
61.603776296853
61.206241787966
57.781147234689
61.965281989846
57.346772255354
62.653523514866
57.882564199132
61.131184944165
58.146344771949
62.024450229419
58.236388825217
61.381507360979
57.890380252622
58.573751229034
62.392740715493
57.959252651457
61.965281989846
58.017295047455
62.193611097402
57.829470956227
61.570156541559
57.888816873061
61.664029689913
58.570550302602
58.006305132905
61.328822385312
59.127934241374
61.688874175869
57.359048463917
61.337596933057
58.233224663828
61.242964491611
58.506605161658
61.617942969942
58.299744341278
61.931266615197
57.587110117987
61.125955288648
61.327067777009
58.146344771949
61.25346477902
57.862252334032
58.591362580149
60.568082281284
62.089126404465
58.62180714391
61.302513798356
57.871625269323
61.323558861581
58.223734248515
61.630344147939
57.726685160342
61.637432787655
58.095915656252
61.00071143842
57.722021759328
60.129737161649
61.223723292423
58.610587045453
62.00830223362
58.033002142396
61.740401506676
58.19844157441
58.20792375164
61.96349077508
58.660308687577
61.759968881187
57.270164846964
61.448371742986
58.468305059837
61.743958288837
58.426869822926
58.771282865122
61.831227644904
58.177907451449
62.227915351536
58.318777885477
58.091192410952
61.947374507989
58.228479066387
61.970656262541
58.641051589817
57.802960849259
62.862987183157
58.495429114531
62.081933502699
58.763227155024
58.543356546452
61.92947736641
58.282307836623
58.455549497992
62.112514850601
58.116391931154
62.081933502699
58.182644802845
58.623410365808
62.166555496023
57.916970630897
61.635660476584
58.154232230753
61.884779715956
58.143190387469
58.388674003771
61.655161505813
58.350528092046
61.918744044418
58.315604765099
62.029834763829
58.193701644198
58.444392946002
61.756410254249
57.904454469539
62.470929380961
58.133729287164
61.77776817642
58.29340258713
58.655493229081
62.480033807193
58.8341933359
58.689218050854
61.283235175519
58.077027281972
60.983357046024
60.334524876108
58.827734782204
58.671547832826
62.126916500658
58.374363443603
57.971792516058
62.245985419408
58.364826966626
58.505008322041
62.080135544661
58.009444681869
62.56939782066
58.226897378617
59.087187827704
62.331055538396
56.649620764425
60.470689458525
62.063958537402
58.570550302602
58.426869822926
62.781975804279
58.331473820913
61.471279864159
59.185073716842
58.231642718237
57.970224736248
60.215882912583
61.230718690607
58.608984524848
62.354626639522
58.511396209788
58.573751229034
62.164752619174
58.500218332371
62.022655592347
58.301329995421
57.984337807997
60.682963427823
59.973280732136
61.831227644904
58.564149499165
57.873187720437
62.719518976909
58.551352088393
61.904438734531
58.500218326146
58.415724214544
61.841930644606
58.19212183903
62.126916500658
58.064441854377
58.375953159425
61.736845134271
58.033002142396
62.161147193222
58.655493229081
58.827734782204
62.06216161334
58.645864683524
60.222649882803
58.418908240149
59.307888110945
62.358254545168
58.315604765099
61.884779722923
58.380722826449
58.301329995421
61.909802451061
57.672325656628
62.193611097402
58.442799494277
61.321804554438
57.71735911171
61.672900425495
58.146344771949
61.825877534211
58.253797861116
61.458942603695
58.154232230753
61.209737290159
56.167199456547
63.131442538556
58.217409013041
61.738623276192
58.418908240149
58.655493222823
61.877634086832
56.825327396734
63.062722482201
58.236388831386
62.271301162338
55.854004897628
63.703676193019
59.053004214459
61.570156541559
57.567005046248
58.72137300352
61.503026997177
58.14949949871
61.781329258353
58.279138683562
61.934845422955
58.151076990464
61.073707903978
57.711143419856
62.311124675077
58.099064913181
60.960811077242
57.832591397897
61.836578681622
60.715621014538
58.245883379026
58.144767530777
62.767268897455
58.777729028649
58.291817364164
61.669351825014
60.354910464376
57.827910864707
61.288491779104
57.726685160342
62.640707188852
58.669941976975
60.896732950272
58.979886642651
57.756237534699
62.110715113799
57.729794512995
61.556011830726
57.141924131101
63.336632789804
57.511402663439
61.651614939427
58.55934981461
61.206241794781
57.591751744395
61.918744044418
57.804519588762
62.081933502699
58.073880419758
61.269221973256
57.881001241695
61.524209981117
58.170013569632
62.826137926823
58.469899896492
58.07860084404
61.342862866999
58.385493272957
62.416358502255
58.540158941073
61.508321375537
58.03300213627
58.177907451449
62.135920923834
58.562549516895
60.085914506917
61.804486346885
58.348939760673
58.44279950049
62.011889950452
58.162121829691
61.045879136185
58.363237856723
61.897288558056
57.866938422135
61.213233191633
57.826350863441
62.260449037186
58.163700006371
61.414921356072
57.687846493913
62.400005815812
57.759350077901
59.080673612458
62.213466843744
57.871625269323
61.843714838146
57.956118526806
61.724401063589
58.750342594952
58.697253487148
61.525975888453
55.823458942426
61.059790349254
61.099820426932
61.938424644352
57.684741658174
62.264065991942
57.619617223638
62.226108921061
58.422092612872
61.376234783563
57.773360647517
57.411281034173
62.265874626916
61.533040538528
58.309259560125
61.775987778982
58.061296349711
58.114816320649
61.192263777443
58.623410365808
61.376234783563
61.051095104978
57.372865476554
62.511008716141
58.088044007399
61.237715694378
57.871625269323
62.119714840921
57.415894358426
61.658708473346
58.072307107329
61.321804554438
57.503688603269
61.802704416082
60.805179701067
57.956118526806
60.837969008125
57.866938422135
62.037015604494
57.967089424894
61.720846534208
57.449748070617
61.476568771029
60.851785614181
57.132786052959
60.549262753497
61.619714262224
57.377472628806
61.021549766663
61.559547399116
58.353705014223
58.361648833352
62.199025036865
57.531468909297
60.886354600845
61.374477461327
58.099064913181
61.699527952145
58.684397845011
57.533013040654
61.404365638696
58.117967627097
61.443087679578
58.390264499141
61.727956002407
57.935755015341
61.897288558056
58.399809291302
61.772427305831
58.045573943134
61.272724672982
57.924795979781
61.409643036918
58.495429120755
61.80983275588
58.015724799463
58.449173803926
59.211231420959
60.910576270173
61.564851513283
58.636239298579
58.160543738651
62.387292995039
58.201601950714
62.343745454933
57.51603209306
61.877634086832
58.132152736455
60.848330874359
58.626617072693
62.098119875893
58.567349725999
57.810755411855
62.289396446912
57.636659412096
62.251408488502
58.058151185827
62.215272540281
58.511396203561
58.078600850176
61.348129698351
58.226897378617
62.155739845406
58.03457331354
61.517147365349
57.846637526361
61.538340078807
58.121119275326
61.911590563127
58.309259560125
61.934845415977
58.14949949871
58.498621841366
61.568388097218
58.508202088445
61.556011830726
57.995319393328
62.369140795485
58.190542113475
62.047789972847
58.088044007399
61.623257152314
58.200021716578
58.230060852425
61.81161509777
57.876312875782
62.193611097402
57.71735911171
62.394556826658
57.658364048112
60.254813772557
60.805179701067
57.820111669553
61.731511343801
57.841954725498
61.995748493248
58.155809979302
61.602005920731
58.234806701542
61.674674878886
57.69871605156
58.366416163068
62.229721879852
60.486046450972
58.551352088393
58.591362580149
61.995748493248
58.228479072554
58.768060313543
61.232467789939
61.715515507677
57.599489451404
61.274476173033
57.669222491324
61.056311951626
58.315604771284
61.836578681622
58.217409013041
60.888084081209
61.676449427469
57.736014223291
61.295501986807
58.594565781862
61.386780837509
57.709589706068
61.53657346166
57.781147228616
61.619714262224
57.667671033897
60.755200951055
61.770647230098
58.732635556412
58.484257342553
61.679998844847
57.585563081475
61.639205193742
57.949851312579
62.356440539577
58.503411575814
60.215882912583
55.999921623145
62.719518976909
61.884779722923
58.34099940069
58.325125162297
60.988562322099
61.313034524094
58.869740745755
58.111665355927
61.904438734531
58.097490242039
61.385022911322
57.968657041233
62.383661709881
58.39503649899
58.215827926607
61.738623269259
58.436426587231
61.850852641934
57.832591391813
62.236949077365
58.737463690114
57.466689901814
61.979615443964
58.562549516895
62.509185812538
58.425277332769
58.710114756667
61.270973279888
57.838833273351
61.522444175147
58.124271265391
60.622896577059
61.450133299427
57.51603209306
61.956326958441
58.415724208337
58.296573297915
62.233335265261
58.165278268698
62.381846225819
57.69871605156
61.609088035817
58.567349725999
61.213233191633
58.306087475418
61.358666095291
58.21108516405
61.527741897165
58.231642718237
58.436426581019
62.108915481291
57.848198622394
61.806268387395
57.29312556413
60.136484782774
60.800005672705
58.001596446594
63.014522153481
58.23480670771
61.124212262179
58.379132850841
62.227915351536
58.228479066387
58.301330001604
62.833504321616
58.426869822926
58.471494813935
62.148531502187
58.368005446055
61.667577677906
58.110090001695
58.479470737596
62.245985426456
58.687611221328
57.788935921067
63.161205727527
57.990612484203
59.098591161655
61.575462484179
57.645959391681
62.278538021458
58.78417660639
62.432719754698
58.33941158802
58.274385600138
62.681004738259
58.310845731914
58.425277332769
61.724401056659
57.965521905561
61.96169967085
58.82450603707
60.884625211985
58.806754272139
61.420200575813
58.575351823454
57.909147396057
62.563919208833
57.960819837845
61.856207076136
58.168435050322
58.241135712082
62.598633296278
58.274385606315
61.658708473346
58.015724799463
61.602005920731
58.323538213566
61.927688221006
58.592964137227
58.716547508337
58.657098294066
61.920532673042
58.092766740715
62.081933502699
58.388674003771
58.578553274735
62.320182578078
57.860690473319
60.781041766502
58.214246919887
61.672900425495
58.447580091499
61.827660801565
57.613422564847
61.439565482352
57.574736104581
62.245985426456
57.848198622394
61.171308718235
58.753563203665
61.9993347575
58.31719128831
58.364826966626
61.08066905403
61.735067108638
57.798285110793
59.271809759696
61.891927009561
58.745512350128
58.260131000506
61.870490100719
58.290232227412
58.711722818711
62.065755565521
58.726199279367
61.829444171793
57.465149322451
59.419681222472
61.726178474883
57.788935921067
62.056771465411
58.296573291733
61.703080026387
57.806078418413
62.180982220043
58.209504408757
56.875082918338
61.596695402839
60.111189008921
61.775987778982
57.740679879528
61.865133193587
58.117967627097
61.152112517804
58.301329995421
61.701303938144
57.946718210673
61.870490100719
58.420500376909
61.216729499273
58.116391931154
61.429001285699
58.081748223999
62.153937602844
58.801914741019
58.361648833352
62.01906663674
57.870062902573
61.920532673042
57.778032341891
62.429083179593
58.363237856723
58.212665992873
60.779318368339
61.529508007261
58.406174219869
60.886354594102
58.196861511881
61.906226536771
58.017295041332
61.43252228548
57.870062902573
61.200999283178
58.132152736455
58.500218332371
61.499497917927
61.242964484789
58.018865374326
61.929477359434
58.058151191958
61.547174686265
58.256964258692
61.60023564636
57.942019192989
58.481066183448
62.161147200251
57.856005397043
60.327732748712
61.626800449832
58.230060852425
61.908014435307
57.604133079737
60.957343947272
57.945151786762
62.222496367687
58.218990197689
61.671126074207
57.690951657846
60.674375162512
58.182644809002
61.488913109768
58.307673474629
61.927688221006
58.449173803926
60.756922988485
57.650610510038
60.76897998435
62.076539919963
58.826120365334
58.731026361166
61.765307590639
58.141613323567
60.995504081645
58.573751229034
58.702075805176
61.95453625437
58.695646223867
61.692425023494
57.587110124019
60.946944923266
58.375953159425
61.131184944165
57.746901935713
61.26046698257
58.395036505193
61.850852634975
58.012584576825
61.146879281199
58.441206135652
61.075448044432
61.504791695571
58.091192410952
58.114816320649
61.332331903138
61.793796303128
58.095915656252
58.350528092046
60.853513131207
62.193611090366
58.724590436787
58.089618166515
61.195757683198
58.350528092046
61.735067101705
58.31243199
61.685323743895
58.350528092046
60.976418044135
58.264881764975
61.306020305745
57.835712164169
60.962544790133
57.971792516058
62.285776548723
58.356882282358
60.739707012483
58.160543732498
60.047201523832
61.76708737251
59.080673612458
57.357513644436
61.890140033131
57.943585447537
60.772425719301
61.924110233337
57.873187720437
58.457143638848
62.242370571955
58.669941970714
62.038811065693
58.146344771949
58.188962486004
61.390296991959
58.165278268698
62.785653609702
58.274385606315
61.483622071901
58.406174219869
58.28072321701
61.607317354388
58.541757700098
61.150368006075
58.350528092046
61.692425023494
58.228479072554
61.920532673042
57.976496358216
61.938424644352
58.020435780083
58.312431996186
61.353397441036
58.3839030375
61.334086812678
58.580154131612
62.168358470419
58.301329995421
61.687098912256
57.974928330092
58.671547826565
61.453656722192
58.681184808038
61.332331903138
58.72619928564
59.447695376772
60.234495741131
58.479470743816
62.224302595462
58.500218326146
60.705304293524
58.004735491977
61.681773706739
57.945151786762
62.035220233216
58.333061207715
60.893273105118
61.152112517804
56.884138733554
61.059790349254
59.672763212231
58.103789438805
61.639205200653
58.271217308552
61.933055967375
58.176328503694
61.845499134639
58.453955437864
58.520980641751
60.801730250985
59.257063088859
62.350999155983
58.356882282358
58.366416163068
62.197220283306
58.538560275601
58.689218044589
61.715515507677
61.0580511009
58.387083595045
57.776475024463
60.957343954031
61.481858594955
57.838833273351
61.952745667771
58.218990191523
61.868704361932
58.218990197689
58.271217308552
61.436043682053
58.247466098458
61.619714262224
58.155809979302
61.220226192696
60.64176191258
60.358309400686
58.058151185827
61.685323743895
57.871625269323
61.596695402839
58.604177488781
57.832591391813
61.824094369722
58.839038181901
61.703080019462
58.128999891555
61.421960517422
57.881001241695
62.060364793327
58.345763357325
58.004735491977
61.591385800474
61.302513798356
57.382080521044
61.495969243656
58.528970078709
58.423684923211
61.547174693155
58.450767590838
60.492874275336
58.801914747308
61.318296241252
58.375953153226
60.912307126866
58.809981068805
60.27684044709
61.713738703475
57.695610045715
61.888353152921
57.996888530799
58.560949622046
62.204439933051
57.57009722042
61.005919684404
57.103868083408
63.973647296418
58.714939188269
58.414132331893
61.849068036525
58.33941158802
61.713738703475
58.029860036935
61.080669060816
61.148623593876
57.050674682342
62.320182585142
57.697163006836
60.781041766502
60.361708713218
58.072307113463
60.896732950272
61.07196786268
57.605681114189
61.619714262224
57.812314583934
61.023286929343
61.160836562891
57.895070898006
61.603776296853
58.430055063692
60.881166749198
58.121119275326
61.579000287346
58.132152736455
61.915167090177
58.195281535146
60.798281192253
57.389761986337
62.071147274319
58.155809979302
62.143126341886
58.073880413623
61.568388097218
58.132152736455
61.334086812678
57.125173226099
60.698428427077
62.146729677615
56.813278559437
61.014602071017
60.936549446699
57.548458980569
60.710462215743
60.713901324233
57.709589706068
60.895002978551
61.313034524094
57.647509681077
60.586913511434
61.066748333638
58.751952855173
58.671547832826
62.387292995039
58.512993391903
58.307673480813
62.253216388195
58.87135755777
61.399089140592
57.857567004831
61.854422161731
57.422046610864
60.295490984696
59.53520344338
60.889813659828
57.9075829966
60.681245580264
61.430761738569
58.740682886937
60.85524074632
57.00667517734
60.251426482152
60.295490984696
61.234216989202
57.491350410404
59.666119241519
61.099820426932
58.544955486376
61.76708736557
57.663017162436
61.458942596824
58.766449176556
61.713738696547
57.737569360278
62.040606637824
54.613121018621
64.84254945767
57.846637520274
58.690824962105
63.466025166742
58.399809291302
61.797359240133
57.998457747064
61.242964491611
57.412818726549
61.886566389821
58.329886526691
62.211661244978
58.304501568667
58.158965733244
60.990297613851
61.568388097218
57.314572189238
61.239465193487
57.957685543706
61.550709246439
59.792608089
58.036144575889
60.566370931717
61.388538864385
58.442799494277
61.726178481814
58.953932890144
57.757793767401
61.457180535291
57.862252334032
62.942359643821
58.53696169121
58.477875378793
61.297254789312
58.242718185845
61.437804524866
58.769671545157
60.624611122513
61.381507360979
58.127423597349
61.740401506676
58.317191282124
61.605546774736
57.308442949816
61.358666095291
58.253797861116
61.554244198821
58.500218332371
61.754631094562
59.088816605976
58.819663583848
58.766449170275
61.999334764492
59.212867045195
57.349840808848
62.049586064772
58.474684922307
62.780137070309
58.165278268698
59.160571850334
58.212665999037
62.732367569237
59.101850065552
58.457143638848
62.87405039065
58.439612870117
58.793850625671
58.073880413623
63.200312528109
58.887530563763
59.092074431926
62.049586057768
59.119780463476
58.377542961835
58.850345926195
62.558441556343
59.147512487826
58.028289114857
59.517020212173
62.085529745249
58.830963881795
58.588159728638
62.737875730688
57.899762303584
59.350582828991
61.518912867272
59.312811289391
58.689218050854
59.230864877599
62.013683964558
58.923142474665
58.4603321752
61.000711445188
59.131196375965
58.524176158517
62.717683885178
58.72780822265
58.866507388128
62.41999359501
58.649073841197
57.904454469539
62.432719754698
57.995319393328
61.80983275588
57.943585447537
61.416680988286
58.247466104629
61.792014988688
57.792051977511
61.508321382419
57.834151735891
62.056771465411
57.602585116412
58.808367626209
61.372720246571
58.412540536
61.80983275588
58.258547592739
61.920532666067
57.49443446222
62.171964732969
58.133729287164
61.248214181866
58.377542961835
61.852637350333
57.405131088264
61.729733618446
58.926382057041
61.239465186666
58.58495722727
58.225315770606
61.870490100719
58.099064913181
60.86388029349
58.039287355848
61.209737290159
58.179486484914
62.316559100886
58.179486484914
59.394984762457
63.125865063142
58.474684928527
58.174749635486
61.640977715587
58.436426587231
61.146879281199
58.660308681318
61.76708737251
57.9874749733
62.238756137286
58.729417241548
57.967089431006
61.697752061458
58.500218332371
61.727955995476
58.697253487148
58.66512493055
62.11611463712
58.285477340553
58.401400393385
61.820528349303
58.201601950714
61.833011220906
58.20792375164
61.854422161731
58.124271265391
61.02154975989
57.996888530799
62.349185572481
57.681637156631
61.788452667887
57.270164846964
61.139903018735
58.117967627097
61.64806879486
58.506605161658
62.056771472416
58.331473820913
58.342587299793
61.706632502716
57.920100516717
61.967073315159
57.957685543706
61.924110240312
58.193701644198
61.726178474883
57.715805063228
62.197220290342
58.402991575964
58.869740745755
61.763527925209
58.108514732874
61.879420341147
57.689399031068
61.697752068382
58.059723725175
61.804486346885
58.195281535146
58.511396203561
61.706632509642
58.0848959451
62.06216161334
58.53696169121
58.628220551442
61.916955519124
58.761616270465
58.739073250695
62.094522174695
58.0848959451
62.381846225819
57.965521905561
61.623257152314
56.245309750971
61.473042727416
58.583356107872
60.57664047999
58.82450603707
61.566619754462
58.121119275326
61.802704416082
57.901326274407
62.309313417494
58.314018334393
61.213233191633
57.995319393328
61.51361666549
57.770246600237
61.822311308088
57.882564199132
61.112013914054
58.266465517078
61.054572901423
60.293795004369
60.946944923266
57.985906351275
61.614400690862
58.27280141128
58.641051596072
62.123315462076
57.608777444788
61.511851474419
58.095915656252
61.552476668431
58.465115641302
61.237715694378
57.320702745844
62.367326156485
57.522205825368
62.242370564908
59.004239042196
58.573751229034
61.813397542453
58.006305132905
61.607317354388
57.954551600749
61.949164784118
58.228479072554
61.302513798356
57.770246600237
60.818981416217
58.241135712082
61.639205200653
58.064441854377
61.570156541559
57.753125339071
63.010817479818
58.517785486385
58.288647176868
61.954536261352
58.760005480502
61.897288558056
58.674759802005
58.524176158517
62.414541107557
58.323538219754
58.51938301734
62.132318841367
58.23955333048
58.549752811527
62.134119823372
58.517785486385
58.771282865122
62.081933502699
58.495429120755
61.992162643857
58.533764778107
58.519383023569
62.166555488994
58.489044724928
58.41731618396
62.18819808627
58.395036505193
58.517785480157
61.825877534211
58.374363443603
62.202634865248
57.666119659945
58.677972135406
61.160836562891
59.621311157924
58.465115647519
62.824296597996
57.852882434346
62.781975811449
58.323538213566
58.242718179674
61.344618379247
58.997743096569
58.692431961352
62.478212716754
58.193701638038
61.847283534096
58.315604771284
58.570550302602
62.069349933971
57.778032341891
61.704856216884
57.386689153446
62.245985419408
57.926361303319
62.020861066121
58.369594815595
58.398218269711
61.552476675322
58.047145795093
62.378215574679
58.489044718705
58.642655870773
62.026244970351
56.94004675594
62.785653609702
57.996888530799
62.006508530875
58.31243199
61.756410261186
57.411281034173
61.344618379247
61.195757676386
57.479017511054
62.096320973184
58.372773814362
58.301329995421
61.743958288837
57.701822391842
61.701303938144
57.940453023113
62.244177939674
57.706482529455
61.605546774736
58.044002164043
62.175571413929
57.32223558992
62.242370571955
58.492236742405
58.361648833352
62.053178553582
58.798688835727
58.029860036935
62.534716141742
58.173170865285
61.947374507989
58.442799494277
61.74040151361
57.554639670549
61.724401063589
58.204762676439
58.596167514062
61.232467796759
58.236388825217
62.255024399951
58.100639669684
62.121515099324
58.064441854377
60.803454927103
58.800301740983
61.859777214004
58.264881764975
57.915405808731
61.284987283354
61.644523044386
58.165278268698
58.236388831386
62.233335265261
57.823231101234
59.94476914626
60.511658761408
61.742179846533
58.318777891663
61.381507354126
58.474684928527
58.20792375164
62.449089579874
58.020435786206
58.433240645564
61.89907594732
60.796556809623
58.088044007399
61.476568777904
57.829470956227
61.534806945941
58.185803476014
61.64806879486
58.119543408485
62.037015597494
58.053434078846
61.320050347665
58.27913868974
61.325313269102
58.14949949871
61.995748493248
58.544955480141
58.412540536
61.351641433141
58.401400393385
61.653388168159
57.956118532916
61.495969243656
58.613792349579
58.368005446055
61.230718697427
58.29340258713
61.806268380447
57.743790746075
61.690649548586
58.634635374928
61.897288558056
58.244300733263
61.358666095291
58.915045076903
58.12584738863
62.336493441428
57.852882434346
62.460007578385
57.927926711459
61.35515356315
58.146344765799
58.058151191958
62.049586057768
57.242636260041
63.31231355021
58.433240651775
61.649841819606
58.463521065625
61.708408904672
57.982769343462
58.512993398131
61.775987778982
58.355293605043
58.868124022543
60.122991054589
60.043837534862
61.066748333638
57.962387102876
61.614400690862
58.314018334393
62.056771472416
58.39503649899
61.653388175074
58.439612870117
58.540158941073
60.772425719301
59.189976532156
58.996119335226
61.580769341381
58.840653307889
59.219410445876
61.386780837509
59.253787039535
57.935755021447
62.981195829732
57.627362420662
61.715515507677
58.080174491381
62.549314266701
58.261714500521
58.342587305984
62.938663450033
58.236388831386
58.23480670771
61.570156541559
58.345763357325
62.320182578078
58.361648833352
58.511396203561
61.591385800474
58.452361477102
61.829444171793
58.132152736455
62.536540534711
58.71815592279
57.71425109237
62.955299716339
58.220571462063
58.320364575163
61.970656262541
58.409357198255
61.868704361932
57.865376308434
58.460332181417
61.825877534211
58.375953159425
61.304267001909
56.887157981463
60.882895934848
61.527741897165
58.455549497992
59.193245516372
61.467754427202
59.330869938715
58.348939760673
62.258640717387
57.715805063228
61.286739477714
58.476280113252
62.294827083189
58.089618166515
62.294827083189
57.633560077635
58.285477340553
62.356440539577
57.796726701425
62.276728650753
58.449173797712
61.587846574074
58.388674003771
58.661914016119
61.413161810965
58.436426587231
61.843714838146
58.30291573582
61.335841822648
57.899762303584
62.134119830395
57.502146039556
58.756784165496
62.45636782376
58.447580091499
62.144927957518
57.974928330092
61.754631094562
58.158965733244
61.411402380396
58.212665992873
61.300760695078
58.434833576077
58.301329995421
61.637432787655
58.479470743816
62.503717739571
58.500218332371
57.718913237823
61.861562437486
58.228479072554
61.012865395991
58.309259560125
61.703080026387
58.345763357325
61.009392342511
59.681070248564
60.829336808282
57.689399037122
58.85842554775
61.204494193392
61.406124666077
57.520662268041
62.94975331953
58.426869822926
58.379132844641
62.403639011103
58.53696169121
60.870793690913
57.1769805272
62.076539926973
58.328299318852
61.888353159888
58.501814904292
58.234806701542
61.77776817642
58.364826966626
61.888353152921
58.339411594211
58.160543732498
62.545664103653
58.275969875133
61.825877534211
58.168435050322
58.455549497992
61.891927002593
57.531468909297
62.831662560976
58.768060319825
58.040858873472
61.084150234341
58.702075798908
61.840146554011
58.686004492315
58.431647814315
61.626800449832
58.385493266756
62.260449044238
58.32195135119
62.006508530875
58.361648833352
57.757793767401
63.409702705411
58.223734248515
58.644260233254
62.363697195249
58.497025431272
58.487448837498
62.152135464793
58.174749641642
58.503411569588
61.986784654465
58.103789438805
62.114314691704
58.062869059443
61.117241184222
57.57164343208
61.612629704046
58.080174491381
60.874250988728
59.715985072178
60.96427860164
58.438019685242
58.612189653694
61.881206691629
59.062766924476
58.525774044655
62.54383917121
57.526836994442
61.815180089939
58.158965733244
62.119714840921
57.29771991823
61.582538497063
58.422092612872
61.420200568951
58.589761116866
58.658703440636
61.699527952145
58.215827920443
61.609088035817
58.333061201525
61.630344154848
58.287062218704
61.765307590639
58.355293605043
58.415724214544
61.216729492456
56.360660479986
63.648821186583
58.729417247822
60.874250981987
58.147922092541
62.56757151011
58.290232233593
58.795463271789
60.934817212034
58.814821934118
61.790233776944
56.291097688165
63.59783414557
58.379132850841
60.898463027036
58.374363443603
61.467754420329
58.60577974652
61.874061887564
57.904454469539
58.29340258713
61.738623276192
56.77265142906
63.125865063142
59.487289780022
58.32195135119
62.11611463712
57.904454469539
62.01906663674
58.625013669148
61.632116160189
58.272801417457
58.168435044167
61.660482110157
57.992181373095
62.728696003673
58.554550922954
58.82450603707
62.161147193222
57.262515361688
61.676449434389
58.282307836623
62.002921436685
57.912276436363
61.582538497063
58.53696169121
57.82167134028
62.137722121694
58.040858873472
61.922321405003
58.269633291947
62.311124675077
57.676981030812
59.080673612458
60.595477033005
58.668336209026
61.561315335619
58.414132331893
61.192263770632
58.674759808267
60.981622142424
58.806754272139
61.407883807961
58.695646223867
58.420500376909
62.249600700861
57.796726701425
62.150333431243
58.094341155813
61.181784453537
58.594565781862
58.072307107329
62.531067675126
58.132152736455
61.399089140592
57.277816376245
61.882993159183
58.565749568864
62.170161542367
57.712697217307
62.438175411807
58.468305053619
61.159091560189
58.684397845011
58.740682886937
61.276227773221
58.02986004306
58.745512343851
62.159344644101
58.277554236272
61.570156541559
58.366416163068
61.587846574074
57.026390700416
62.78381465313
58.116391937298
59.070904982303
62.449089579874
58.230060852425
58.282307836623
62.141324830711
58.100639669684
61.605546774736
60.713901317528
56.748603499405
62.723189468241
58.102214511557
62.017272311191
58.011014583799
58.348939760673
61.503026997177
58.337823861775
61.836578681622
58.097490248178
61.450133299427
57.948284719277
61.942004272482
57.82791087079
61.237715687557
58.28072321701
61.897288558056
57.893507265088
62.238756137286
58.018865368203
61.218477799462
57.862252334032
61.667577670989
58.328299318852
62.001128052214
58.130576271255
61.239465186666
58.094341155813
61.891927009561
58.476280113252
57.449748070617
63.2096308026
57.927926711459
60.487753264225
58.965284842971
61.749294230525
58.434833576077
58.19212183903
61.65870846643
58.430055063692
61.44132653392
59.121411032787
61.704856216884
57.120606494228
61.571925087494
57.948284719277
61.843714838146
58.138459452406
61.610858819034
57.371329923548
62.485497743937
58.887530563763
58.641051589817
62.627896105149
57.340636121414
61.534806945941
58.544955480141
61.786671668452
58.047145795093
61.607317354388
56.594281340417
59.789272564641
61.349885512069
58.15265456781
61.831227644904
58.089618172653
61.481858594955
57.818552082964
61.954536261352
58.760005480502
61.209737290159
58.271217314729
61.719069416105
58.23797104103
61.016338844911
58.058151185827
62.343745454933
57.522205825368
62.236949077365
57.979632681166
60.948677854292
57.32223558992
63.45099606291
58.170013569632
58.532166455615
60.772425719301
61.619714262224
58.040858879599
61.60377628995
58.23955333665
61.223723292423
58.095915662391
60.836242366779
58.173170865285
61.720846534208
58.328299318852
61.981407584127
58.445986478408
57.809196329953
61.316542235192
61.339352143912
58.642655870773
58.122695227626
61.720846527278
57.795168382169
61.030236596346
61.35690977895
58.07860084404
61.370963125583
58.103789438805
60.460455799521
58.530568226639
62.478212709654
58.734244852393
58.099064913181
61.22197469262
57.802960843181
61.890140033131
58.091192410952
61.297254796147
61.258716276482
58.329886526691
58.233224663828
61.286739484547
58.247466098458
61.695976286845
58.160543732498
61.904438734531
58.19212183903
61.383265085815
58.234806701542
61.369206105206
58.674759808267
61.942004272482
57.440511281466
61.446610294404
57.559276063867
62.074742267306
58.058151191958
61.918744037444
57.940453023113
58.748732422996
61.91516709715
57.989043692429
61.768867243074
58.287062212524
61.872275942593
57.88412724098
62.280347497304
58.026718277829
62.171964732969
58.066014734521
57.890380252622
62.547489128365
58.396627347213
61.300760695078
57.970224736248
61.284987276522
57.328367792107
62.562093218089
58.045573937005
61.743958295772
58.819663583848
57.76246294446
60.743149428455
60.952143991725
58.567349725999
61.061529696696
58.15265456781
60.737985944098
59.232501593104
62.809569852038
58.399809291302
58.560949622046
61.339352143912
60.4519303959
57.746901941779
61.211485190982
58.320364575163
62.135920923834
57.579375742418
61.918744037444
58.185803476014
61.524209981117
58.586558434189
61.005919691174
58.283892542409
57.852882434346
61.50479168869
58.465115647519
60.950410870352
58.241135718252
61.54187361742
58.463521071842
61.105045604465
60.886354600845
58.626617072693
61.176546130618
58.331473827102
61.24121478574
58.655493229081
58.387083595045
61.365692359401
58.731026361166
61.967073308175
58.173170865285
61.616171779491
58.004735485857
58.144767536927
61.774207498044
58.430055057482
61.781329265296
56.307362945748
63.166789450002
58.942585307415
62.141324830711
58.122695227626
61.593155566219
57.630461082523
58.795463271789
61.89907594732
58.318777885477
61.974239624279
58.29340258713
61.575462484179
58.402991582169
61.586077113401
58.414132331893
57.776475024463
60.791384248571
58.978263864051
62.143126334861
58.8083676325
58.568949970576
61.251714479946
57.981200976007
62.085529745249
58.560949622046
62.501895261166
57.550004030117
61.717292407265
57.409743424163
61.674674878886
58.493832884911
61.120726527828
58.364826966626
61.353397447883
57.962387108987
61.827660801565
57.742235267869
60.912307126866
58.668336209026
61.105045611257
58.182644802845
61.078928622842
58.393445749845
61.990369881701
58.165278262544
61.052833950283
58.066014740654
61.054572901423
61.421960510559
58.088044007399
58.185803476014
62.069349933971
57.823231101234
61.616171779491
57.948284713169
61.911590563127
57.899762303584
61.916955519124
58.501814904292
61.587846574074
58.399809291302
61.274476173033
57.924795979781
61.510086370889
58.375953159425
61.733289178484
58.106939549457
58.170013563477
61.872275942593
61.118983806336
58.706898915632
57.899762303584
62.360068656304
58.355293605043
61.188770263816
58.094341155813
61.579000287346
57.985906351275
58.623410365808
61.386780837509
59.616336628759
58.347351515769
62.516478072034
57.916970630897
61.840146554011
58.218990191523
58.52737201805
61.743958288837
58.138459452406
62.673674055094
58.426869816717
60.903653826954
56.128960461405
61.094596136157
61.983199834922
58.644260233254
61.314788329475
57.945151786762
61.984992189368
58.540158947306
58.059723725175
62.150333431243
57.952984747199
60.593764135034
58.900475367901
61.850852641934
57.874750255921
62.736039571785
58.761616270465
58.157387813464
61.550709239547
58.287062212524
61.436043682053
57.998457747064
61.922321405003
58.30291573582
58.428462399898
62.202634865248
57.760906466206
62.105316529118
58.03771592945
61.784890757799
58.348939760673
61.736845134271
57.300783236316
61.180038241686
58.581755075988
61.866918726224
58.425277332769
58.162121829691
62.146729677615
58.620204009699
57.499061154381
63.325406207624
58.187382938133
61.909802444089
58.310845738098
58.474684922307
62.520124836295
58.543356546452
58.361648833352
61.60023564636
58.516188030194
62.00830223362
58.530568226639
61.386780830655
58.252214797573
60.060661249943
59.581538205603
61.92768821403
58.233224669996
58.053434078846
61.840146554011
58.500218332371
61.824094369722
57.96865703512
61.981407591115
58.268049361458
58.347351515769
62.247793011166
58.121119275326
61.845499134639
58.294987896317
61.619714262224
57.406668451215
62.345558721965
57.661466038867
61.295501986807
58.710114762937
61.717292407265
57.630461082523
58.913425864408
61.671126074207
58.485853043375
62.314747520295
57.9075830027
61.248214188689
57.675429149861
61.651614946341
56.209912156885
62.554790320857
60.087598812465
58.070733886278
61.464229394597
58.328299318852
62.125115929184
57.938886931796
61.676449434389
58.290232227412
61.640977715587
56.9370218856
59.717648701838
62.693837553921
57.465149322451
61.772427312772
58.176328497538
61.632116160189
58.874591448243
59.137721744197
61.836578681622
57.893507265088
61.360422512184
58.851961673044
61.356909772102
58.053434084976
61.150367999273
57.945151786762
61.372720246571
58.220571455897
61.503027004057
58.162121829691
62.040606637824
57.846637520274
58.528970072478
62.383661709881
58.364826966626
61.552476668431
58.203182276828
61.770647223158
57.882564199132
61.534806952828
57.970224730135
62.574877392076
58.056578737792
58.364826966626
61.984992189368
57.408205896513
62.365511623076
58.503411575814
60.908845505095
57.767132888639
61.455418574793
58.913425864408
60.794832524804
58.374363443603
61.936634981944
57.658364042065
61.073707903978
58.631427784598
61.446610294404
58.214246919887
61.738623269259
58.069160750464
58.395036505193
62.011889950452
58.323538219754
61.742179846533
58.174749641642
61.080669060816
58.445986472194
61.688874182791
58.117967627097
58.288647176868
62.743384852341
58.141613323567
62.369140795485
57.288531946758
61.96886473706
59.337439446979
58.677972135406
60.698428427077
58.34099940069
60.955610530177
58.48744884372
61.701303931219
58.018865374326
61.06500868888
57.632010538419
62.229721886896
58.283892542409
61.911590563127
58.740682886937
61.407883807961
57.906018693862
61.870490093756
57.466689901814
61.192263777443
58.162121829691
61.808050516775
57.788935914992
61.414921356072
57.920100516717
61.655161498898
58.170013569632
61.497733537053
58.334648668535
62.011889950452
58.588159728638
58.465115647519
61.850852641934
58.522578353398
61.124212268975
57.960819831734
61.534806952828
60.434886799523
58.274385600138
61.344618379247
58.0550063688
61.630344147939
58.706898915632
57.871625269323
62.090924890345
58.176328503694
61.770647223158
57.488266689432
59.993422892443
60.40253043557
61.385022904468
58.505008328267
61.628572251398
57.771803575842
61.777768169478
58.58495722727
58.771282871405
61.213233191633
58.155809979302
61.274476173033
59.033488473519
58.425277332769
62.365511623076
58.116391931154
61.875847935641
58.399809291302
58.230060846258
61.731511350733
61.411402373536
58.333061201525
58.036144582016
60.655489526378
61.679998851767
57.027907843978
61.503026997177
58.482661722579
61.976031453568
58.552951458866
61.783109963693
58.193701638038
57.926361303319
61.694200607527
57.829470956227
61.571925087494
58.479470737596
61.765307597578
60.765534640117
57.576282565436
62.47092938806
57.678532989228
62.072944718761
58.753563203665
57.968657041233
62.069349933971
57.683189365632
62.162949860949
57.712697217307
62.456367816665
58.476280113252
58.158965733244
61.206241787966
58.02986004306
60.82588461689
58.52737201805
61.847283534096
58.290232227412
62.507363015248
58.517785486385
58.372773814362
61.681773706739
57.445129304738
62.611432409628
58.261714506696
62.028039815151
57.49443446222
60.936549446699
58.215827926607
58.747122339298
61.499497924807
61.249964280897
58.385493272957
58.705291117819
60.837969008125
60.674375162512
57.881001241695
61.736845134271
58.130576271255
61.593155566219
57.69871605156
61.779548662598
58.105364451436
61.556011830726
58.301330001604
62.038811065693
57.910711873943
61.483622071901
57.863814279069
62.038811072694
57.756237534699
61.911590563127
58.554550916717
58.449173803926
62.072944718761
57.824790934176
61.992162650847
58.422092606663
58.193701644198
62.327430796759
61.190516974172
57.591751744395
58.489044718705
61.891927009561
57.812314583934
62.253216388195
58.787400925736
60.76897998435
57.80451959484
60.966012511771
61.66225584901
58.821277646335
58.320364575163
61.385022911322
58.155809979302
62.045993977897
57.810755411855
61.640977715587
58.764838115343
57.942019192989
61.671126074207
61.087631804695
56.661600272162
60.583488780491
59.981671655033
61.891927009561
58.492236742405
61.293749291376
56.930973120766
62.10171799401
58.266465517078
61.582538497063
59.005863244204
58.570550308842
58.706898909363
62.121515099324
57.534557266944
61.625028743232
61.559547399116
57.706482529455
61.443087686445
57.9075830027
61.43428292644
58.056578737792
61.228969691198
57.974928330092
61.200999283178
58.203182276828
61.870490100719
58.979886636323
61.155601839885
57.692504374253
61.346373985131
57.952984753308
61.697752068382
58.160543738651
61.600235639458
56.579343293952
61.587846574074
59.692703985763
61.727955995476
57.845076502409
62.516478072034
58.231642712069
58.121119275326
62.706675639544
58.135305923387
61.316542235192
55.970677322039
60.713901317528
61.311280819038
61.612629704046
58.51938301734
61.62502875014
57.759350077901
58.269633291947
61.993955516699
57.906018693862
61.62502875014
60.569793727565
57.971792516058
61.418440728196
57.329901046167
61.330577094019
60.489460167151
57.563913210255
62.10171799401
57.625813214685
61.353397447883
58.258547586566
62.478212716754
57.742235267869
62.262257469086
58.430055057482
61.216729499273
58.158965733244
58.337823861775
62.121515099324
58.391855081164
61.432522278615
58.477875385013
61.300760695078
57.937320937349
61.799140862715
58.025147525844
61.852637350333
58.217409019206
61.430761731705
58.702075805176
58.328299318852
62.370955540086
57.66456836946
61.768867243074
58.042430482329
61.672900418576
58.317191282124
58.445986478408
61.904438734531
58.009444681869
62.280347497304
58.212665992873
61.556011830726
58.434833576077
58.740682886937
60.927889264853
58.618600963167
61.800922588028
57.418970319846
61.9993347575
58.255381023051
61.913378778488
58.387083595045
61.678224085093
57.325301530009
61.679998844847
58.468305059837
62.331055538396
58.62180714391
57.672325656628
61.891927009561
58.283892542409
61.127698407731
58.468305053619
62.123315462076
58.649073847453
57.445129304738
61.893714089186
58.168435044167
62.071147281327
58.135305923387
61.790233776944
58.554550916717
58.897238633353
62.170161542367
57.531468909297
59.538510679167
60.042155681717
59.966569683927
61.262217781902
58.072307107329
62.053178553582
58.017295047455
61.961699663867
57.912276436363
61.251714479946
58.136882645132
61.797359240133
58.201601956876
61.18527716268
58.821277646335
57.798285110793
61.223723292423
61.437804531732
58.282307836623
58.004735491977
62.425447028109
58.32671219739
61.934845415977
58.336236221949
58.503411575814
61.729733618446
58.404582857661
61.847283534096
58.780952640714
58.302915742004
61.76708736557
58.532166455615
61.407883807961
56.39328088838
64.528282013317
57.397445508469
62.037015597494
57.774917797056
61.899075940351
57.622715058642
62.224302588419
58.05500636267
58.608984524848
62.089126404465
56.391797328912
63.777595954663
58.23955333048
62.126916500658
57.661466038867
58.629824130411
60.777595054467
58.968529067414
61.478331944529
57.737569360278
62.620577838343
58.84388382589
62.029834763829
58.320364575163
58.716547514609
60.957343947272
58.682791285676
58.6956462176
61.483622078777
58.613792349579
61.9437942452
57.627362426703
62.186393960952
57.987474979417
61.316542235192
58.441206135652
61.841930644606
57.316104711423
58.779340790483
62.092723480419
57.949851312579
61.940214410188
58.415724208337
61.617942969942
58.404582857661
58.391855081164
61.997541573512
58.33941158802
59.777601165942
60.489460167151
58.230060846258
61.831227644904
58.544955486376
62.664513104912
58.146344771949
58.182644809002
61.958117759048
58.713330956306
62.206245105621
57.942019192989
58.32195135119
61.510086370889
58.256964264865
62.45818764095
57.88412724098
61.66225584901
58.610587045453
61.564851513283
58.641051596072
58.040858873472
61.843714838146
57.366723757666
62.624236757942
58.081748230136
61.897288551087
58.022006283102
58.660308687577
61.228969691198
61.481858594955
58.690824962105
58.629824130411
62.011889950452
59.010736405784
58.225315770606
58.855193432921
62.383661709881
58.414132331893
61.348129698351
58.20792375164
60.993768493616
58.766449176556
61.972447884625
56.140720759335
60.573216910301
61.518912867272
58.458737866654
61.758189516454
58.52737201182
58.360059896506
61.457180542161
58.597769333833
61.949164784118
58.031431050196
60.163490411544
59.291483417094
62.414541114643
57.890380252622
58.258547592739
62.060364793327
58.633031539021
62.058568077353
58.51938301734
58.564149499165
62.035220240216
58.282307836623
58.583356107872
62.23875613024
58.342587305984
61.979615436976
58.333061201525
58.3839030375
62.338306286629
58.364826966626
62.063958537402
58.218990197689
57.801402181664
61.857992093557
58.122695227626
62.552964870055
59.056258092508
58.245883372855
61.927688221006
58.348939760673
61.45189495687
58.449173803926
60.755200951055
58.666730528974
58.247466098458
61.988577216243
58.193701638038
62.033424979852
58.241135712082
59.212867051573
62.45818764095
58.768060319825
58.372773814362
62.058568077353
57.851321079423
62.345558721965
57.767132888639
58.471494813935
62.507363022355
57.554639670549
61.972447891611
57.776475024463
62.042402313896
58.196861511881
58.493832884911
62.400005822895
58.181065604096
61.967073315159
57.813873827959
61.011128819825
58.201601956876
61.984992189368
58.0848959451
61.79557772722
57.920100516717
61.399089133735
57.76401951267
60.914038075182
56.679579051141
64.284450441911
57.4282001819
61.925899178976
58.064441854377
61.947374501009
58.171592174618
62.008302240614
56.071699494186
63.511155226423
57.826350857359
61.708408897745
58.479470743816
58.51938301734
61.761748348456
58.505008328267
61.54187361742
57.790493904247
62.414541114643
57.645959391681
58.913425864408
61.981407584127
57.792051983586
62.060364793327
58.47308983083
62.134119823372
57.06738193064
61.462467029904
58.372773814362
61.525975888453
58.261714500521
58.851961673044
62.994151877178
58.179486484914
58.372773808164
60.382112678263
60.986827129088
59.629603874171
58.323538213566
61.936634981944
58.695646223867
61.096337460356
58.597769333833
58.396627347213
62.269492219158
57.960819831734
61.868704361932
58.310845731914
62.02803982215
58.409357198255
58.449173803926
61.66225584901
58.244300733263
61.162581678782
58.939343943238
58.337823867966
61.850852634975
57.666119659945
62.613261288793
58.39026449294
61.664029689913
58.428462399898
58.500218326146
61.86334776401
58.567349725999
58.562549516895
61.195757683198
58.703683414336
61.436043682053
61.582538497063
57.788935914992
58.742292623954
61.543640538902
59.219410445876
61.43252228548
57.329901040188
62.505540331369
58.206343174203
59.106739089002
61.122469348704
58.163700006371
60.561237463216
58.294987896317
61.722623747723
61.332331903138
57.888816873061
58.355293605043
61.694200600603
58.272801417457
61.263968674483
58.352116509894
62.805889244273
58.353705014223
58.19212183903
62.383661709881
57.962387108987
61.997541573512
58.130576271255
61.124212268975
58.908568754593
58.453955444079
61.485385650012
58.026718283953
61.695976279921
57.935755021447
61.715515507677
57.442050540056
61.900863432844
58.474684928527
61.246464182843
57.840393954268
62.398189387431
55.842364408042
63.280539642236
57.352909702715
62.975644862048
57.938886937902
61.875847935641
57.375936829177
61.733289178484
58.989625183551
61.286739477714
58.19844157441
58.544955480141
61.992162643857
58.274385606315
61.248214181866
58.201601956876
61.76352791827
58.387083595045
61.485385650012
58.302915742004
61.316542235192
57.389761986337
62.083731571895
58.642655870773
58.423684923211
61.938424644352
57.323768521958
62.681004731112
58.195281535146
61.510086370889
57.331434382243
62.383661709881
58.310845731914
60.331128624554
59.789272564641
61.806268380447
57.251809514672
62.010096040142
58.645864683524
58.179486484914
62.503717739571
58.618600963167
58.884295251722
61.676449434389
58.282307836623
58.111665355927
62.134119830395
58.282307836623
62.006508537869
57.754681391925
58.939343949557
62.058568077353
58.201601956876
61.623257145406
58.641051596072
58.444392946002
62.758080567513
57.938886937902
62.182786031364
58.28072321701
57.918535531523
62.714014045314
58.294987896317
62.135920923834
58.269633291947
58.23797104103
61.674674878886
58.3839030375
62.20263485821
57.992181373095
59.391693445705
61.508321382419
59.280005530068
57.823231095152
63.021932793392
57.551549156604
58.82450603707
61.772427312772
59.051377409892
58.279138683562
62.613261281662
57.92949220421
62.46364775726
58.097490242039
58.79062559881
60.317547414533
60.314153067374
58.42527732656
61.997541580504
58.612189653694
58.512993391903
62.356440539577
58.708506795247
61.777768169478
57.423584879988
62.877738991868
58.463521071842
58.190542113475
62.188198093305
58.890766231343
58.230060846258
62.037015604494
58.334648668535
62.134119830395
58.355293605043
57.823231095152
61.687098912256
58.307673474629
62.20263485821
58.301330001604
58.279138683562
61.897288558056
58.268049361458
61.986784654465
56.88866772561
63.170512480157
58.682791285676
58.402991582169
62.107115953067
58.356882282358
61.582538497063
58.237971034861
58.564149499165
61.474805705536
58.816435724601
61.480095219168
57.943585447537
60.600616308022
59.541818282414
58.372773814362
61.664029682996
58.412540536
61.970656262541
58.261714500521
62.170161549397
57.820111669553
58.787400925736
61.96169967085
58.277554236272
62.503717746677
58.331473820913
57.912276436363
61.904438734531
58.080174491381
62.001128045222
58.23955333665
62.21527253324
57.967089431006
58.366416163068
62.013683964558
58.174749641642
61.719069416105
58.328299325041
61.942004272482
58.044002170172
58.447580091499
61.738623276192
57.29312556413
62.49825063028
58.497025431272
62.307502251084
58.306087481601
58.669941970714
62.063958537402
58.653888251935
58.31243199
61.214981298938
59.095332617133
57.573189726798
62.638876713154
58.722981676083
61.909802444089
58.774505776421
58.166856610525
62.536540541825
58.144767536927
59.11162893409
61.891927002593
58.945827034448
61.367449185432
58.315604765099
58.014154642589
62.354626639522
58.165278268698
63.215223097975
57.248751436472
58.827734782204
61.617942969942
58.760005480502
58.014154648711
63.546928727356
54.622862675916
62.516478072034
62.063958537402
59.096961844476
58.113240795576
61.988577209254
57.607229243919
63.226410643285
58.657098287807
58.066014740654
62.501895261166
57.594846577716
58.953932896466
61.511851467537
59.199784587297
56.252689863189
65.207465094032
58.163700006371
62.258640717387
57.779589749345
58.780952640714
58.586558434189
62.044198093917
57.708036075936
62.983046367357
58.128999891555
62.693837553921
58.184224099639
58.673153776588
63.062722482201
56.530103641587
58.779340796768
63.222681014288
58.358471046177
62.447270292811
58.215827926607
58.364826966626
61.81161509777
57.957685549817
61.679998844847
58.203182276828
61.561315335619
58.105364451436
61.970656255555
57.322235595897
62.693837561071
58.372773814362
61.096337467146
57.976496358216
58.847114698639
61.644523051299
58.608984524848
58.731026354891
61.669351825014
58.182644809002
61.9993347575
58.334648668535
62.264065998994
58.081748223999
58.140036345215
61.690649548586
58.371184271695
62.130517956741
58.399809291302
62.00830223362
58.097490242039
58.264881764975
61.635660476584
58.323538213566
60.52703656582
59.378531857656
61.758189516454
58.700468277796
61.594925426769
58.220571462063
57.993750340762
60.351511904225
60.467277860603
61.76708736557
58.382312888666
58.234806701542
62.2821570783
57.477476270666
62.23875613024
57.714251098429
61.639205200653
58.420500376909
58.960419191378
59.365376095292
60.399126510533
61.934845422955
58.524176152287
61.132928361532
58.458737866654
58.906949898062
61.727956002407
58.214246913722
61.192263777443
58.080174491381
62.001128045222
57.545369130341
61.199251981148
57.881001241695
59.921309370548
60.380411821547
62.811410317696
57.663017162436
62.278538014403
57.815433168254
58.22689737245
61.895501272015
58.876208526715
61.711961994652
58.266465523254
58.380722826449
62.040606637824
58.350528092046
62.258640717387
58.200021722739
58.557750094582
62.235142122375
58.418908233941
58.458737866654
61.977823393459
57.891943722725
60.331128617934
59.876117320385
61.695976286845
58.307673474629
58.266465517078
61.43252228548
58.03143104407
61.866918726224
58.253797867289
62.21527253324
58.594565781862
58.048717738314
61.320050347665
61.717292414193
58.236388825217
58.288647183048
62.798529322682
58.044002170172
58.557750094582
61.593155566219
58.361648833352
62.121515099324
58.687611221328
58.271217314729
61.877634079868
58.412540536
61.984992196357
58.477875378793
61.559547399116
57.368259070097
62.137722114671
58.544955486376
57.120606494228
62.715848915137
58.645864683524
62.271301162338
57.989043692429
61.859777207044
58.350528092046
58.144767536927
62.378215574679
58.368005446055
58.268049367634
61.439565475485
58.018865374326
62.407272622414
58.307673474629
61.460704759402
58.732635562687
58.309259560125
61.942004279461
58.32671219739
60.652057038623
59.59644684267
61.9993347575
58.282307842802
58.214246913722
60.17869174963
60.268366743651
61.511851467537
58.689218050854
58.556150461953
61.768867243074
58.245883379026
61.890140033131
57.757793761333
62.051382253678
58.163700006371
61.344618379247
58.287062218704
58.19212183287
62.087328022769
58.671547832826
61.534806945941
58.434833576077
61.453656715323
57.785820194557
61.874061887564
58.442799494277
61.099820426932
58.113240795576
58.937723401152
62.338306286629
57.579375736387
62.354626639522
58.506605167884
58.358471046177
62.438175404716
57.658364042065
61.616171779491
57.870062902573
58.750342601231
62.094522174695
57.241107670055
62.605946434506
58.004735485857
61.540106797391
55.586053992765
62.536540534711
60.227726115256
62.126916493638
58.310845738098
58.453955437864
61.376234790415
58.434833576077
60.777595054467
61.481858594955
58.228479072554
61.80983275588
56.828340404629
61.715515500748
57.503688603269
61.602005920731
61.665803625959
58.260131006681
58.597769333833
62.175571413929
57.661466038867
62.421811293084
58.546554507408
58.133729287164
62.247793004118
58.209504414921
58.716547508337
61.981407591115
59.031862744007
58.78417660639
62.010096040142
58.252214797573
58.682791279412
62.114314691704
58.684397845011
61.959908663182
57.180030942375
59.85939681152
62.199025043902
58.299744341278
58.546554507408
61.934845415977
57.423584879988
63.204039511108
58.84388382589
58.506605167884
61.561315335619
58.006305132905
58.430055063692
62.233335265261
58.200021722739
61.653388175074
57.956118526806
61.759968888125
58.645864683524
58.785788721851
61.38853885753
61.35690977895
57.652161049615
61.377992213288
57.718913243883
61.970656255555
57.801402187741
62.045993977897
57.874750255921
58.72619928564
61.559547399116
58.336236221949
62.186393960952
57.912276436363
61.731511350733
58.234806701542
61.834794899809
58.425277332769
58.44279950049
62.184589940309
58.331473827102
61.251714479946
57.981200969892
61.548941919052
57.765576152634
61.695976286845
56.314759352383
60.5578156343
61.098078897401
61.679998844847
58.047145795093
61.619714262224
58.460332181417
61.453656715323
57.848198628481
56.914345642316
63.773801024422
57.166306636642
62.827979363589
58.136882645132
61.802704416082
57.432816225763
62.920189033991
58.121119275326
58.287062218704
61.856207076136
58.310845731914
62.389108796152
58.355293605043
58.361648833352
62.05497495749
58.657098294066
59.381821702947
62.347372101549
58.517785480157
57.968657041233
62.089126404465
58.026718277829
62.00830223362
56.463096621492
60.787936363487
62.293016765885
58.928001981816
58.505008322041
61.868704361932
58.081748223999
58.355293605043
62.182786031364
58.393445749845
57.655262378999
60.83106305766
60.614325297587
61.124212268975
58.27596988131
61.623257145406
58.885912863304
61.644523051299
58.727808216376
58.294987902499
62.090924890345
58.258547586566
61.554244198821
58.058151185827
58.625013675399
62.247793011166
57.725130609615
61.952745660789
58.039287361975
61.704856209958
58.282307836623
62.262257469086
57.597941743671
58.433240651775
62.33286806732
57.731349314936
62.240563295099
58.597769333833
61.263968674483
58.578553274735
58.269633298123
61.806268380447
58.218990197689
62.161147193222
58.094341155813
58.52737201805
61.706632502716
57.960819837845
62.558441556343
59.276726949951
57.582469245737
61.929477359434
58.795463278077
61.342862860154
58.620204009699
58.597769333833
61.950955177689
58.514590667445
58.460332181417
62.015478082469
56.282229689555
61.213233198449
62.487319259088
58.086469939734
58.991248587429
62.285776548723
58.544955480141
62.692003978969
58.058151191958
59.147512481463
61.44132653392
58.768060313543
59.209595887081
61.202746691799
58.955554330075
58.078600850176
61.945584321372
57.895070898006
62.505540331369
58.832578564529
58.356882282358
61.441326527053
59.520325428021
58.433240651775
61.413161817825
58.615395133115
62.18098221301
58.3839030375
58.003165929875
62.209855758056
59.145880472097
57.89663461539
60.844876526787
59.964892156547
58.361648833352
61.868704361932
58.540158941073
62.119714840921
57.697163006836
59.11325906013
61.78310995675
58.328299318852
62.141324830711
58.141613323567
58.247466104629
61.529508007261
58.568949970576
62.05497495749
58.350528092046
58.597769333833
62.224302595462
57.838833273351
62.255024392901
58.962040988126
57.824790934176
61.934845422955
61.476568771029
57.898198417247
58.294987896317
62.008302240614
58.097490242039
61.795577720274
58.813208219606
61.270973273059
58.519383023569
58.105364451436
61.316542235192
58.684397838747
62.542014359488
58.315604765099
58.382312888666
61.568388097218
57.918535531523
60.877708665813
58.801914747308
62.186393960952
58.306087481601
58.677972129143
61.577231334948
58.190542119634
62.0047149319
58.62180714391
61.888353159888
58.266465517078
58.813208219606
61.481858601831
58.282307836623
61.76352791827
57.216661328316
62.312936052091
58.353705014223
58.249048910078
61.385022911322
61.656934938567
58.366416163068
57.463608819679
61.788452674831
58.33941158802
61.731511343801
59.046497533934
61.183530758263
58.661914016119
58.100639669684
62.191806650968
60.886354600845
58.777729028649
57.519118793552
61.621485656345
59.030237104035
61.522444175147
58.181065604096
61.353397447883
59.212867045195
55.97652373963
64.350064544545
57.960819831734
62.146729677615
58.105364451436
58.713330962577
61.694200600603
58.600973236121
60.48433973404
60.043837534862
58.188962479845
62.352812844994
57.824790940258
62.500072889037
57.845076502409
58.490640693228
61.614400690862
57.426661665499
62.213466836703
59.352226161154
61.525975888453
57.784262457288
62.044198093917
57.891943716629
62.750731853104
57.868500620179
57.985906345159
61.571925087494
57.97649636433
63.047883764964
58.426869816717
61.220226199514
58.34099940069
58.476280107032
61.992162650847
59.090445474048
61.639205193742
57.781147234689
58.348939760673
61.777768169478
57.92949220421
62.458187648046
57.781147228616
61.651614946341
57.996888524681
62.204439933051
58.184224099639
58.543356546452
61.879420341147
58.187382938133
61.223723292423
58.552951458866
61.092854904426
58.642655870773
61.429001285699
59.413093491904
58.000027060485
61.53304053164
57.757793761333
62.877738991868
58.114816326793
57.329901040188
62.719518976909
58.17317085913
61.722623747723
58.631427790851
60.912307120117
58.541757706332
61.432522278615
58.117967627097
61.792014988688
58.09119241709
61.132928354734
58.498621841366
62.114314691704
57.720467453693
62.217078341639
57.323768515981
61.404365638696
58.228479072554
61.974239617293
57.742235273934
61.672900418576
57.63201054446
61.78310995675
58.940964580763
61.397330509402
57.787378015814
58.348939760673
62.380030847421
58.856809439661
61.269221980085
58.242718179674
58.485853049597
62.439994168976
58.086469939734
61.690649548586
57.937320937349
62.170161549397
57.906018693862
61.602005920731
58.342587299793
58.133729287164
61.727955995476
57.415894358426
62.148531502187
61.078928622842
58.425277332769
58.067587699881
61.413161810965
56.399215935856
63.509273525875
58.390264499141
61.485385650012
58.604177488781
62.222496374729
58.32195135119
57.976496358216
61.497733537053
58.97664116842
61.759968881187
57.874750262014
60.829336808282
59.56994775489
58.24904891625
61.669351825014
58.623410359556
61.752852044322
57.723576142613
62.247793004118
57.290063076671
62.152135457766
56.756116288671
60.475807593917
61.761748348456
58.753563203665
60.810354610114
58.32036458135
61.052833950283
57.834151735891
61.404365638696
58.345763357325
62.038811065693
58.4077656688
61.713738696547
57.7282397948
61.042402323293
58.388674003771
61.717292407265
58.3839030375
61.314788329475
57.774917797056
62.323806476678
58.039287355848
61.679998851767
58.075453805169
61.628572251398
57.888816873061
61.265719673977
58.155809979302
61.612629704046
57.483641728193
61.545407561848
57.78737800974
61.25346477902
57.849759814862
62.218884240785
58.402991582169
61.464229387725
58.025147531969
61.927688221006
57.996888524681
61.497733530174
58.078600850176
58.731026354891
62.467288360461
58.255381016877
61.970656262541
58.056578731661
59.2521491539
62.293016772944
58.748732422996
57.59329911948
62.144927957518
57.76401951267
61.214981292122
56.6990689291
62.62606637809
59.04324473134
62.256832509679
57.41743229794
61.406124672936
58.763227148743
61.651614946341
57.689399037122
62.394556826658
58.4077656688
55.918114468257
63.445361983906
59.538510679167
61.954536261352
58.309259560125
58.822891797407
61.974239624279
57.610325734913
62.305691197023
58.263298092791
61.316542235192
58.20634316804
58.992872086994
61.369206098356
57.757793767401
61.665803632876
58.20634316804
61.99395552369
58.157387813464
62.512831726067
57.901326274407
58.600973236121
61.888353159888
58.138459452406
62.262257462035
58.113240795576
60.974683542083
58.073880419758
61.153857122268
57.9075830027
