4742.433658782
6.0667072324927
499.66899756903
499.78549804916
494.36808114222
76.847350677819
62.442249992902
58.784587961869
58.792649479738
58.803939317528
62.409526309313
58.755584791052
58.918696056276
58.718566812626
62.429520040227
58.853989344523
58.755584791052
62.422248108653
58.821689263185
58.70570192166
58.773305546439
62.458624710321
58.781363969929
58.786200087321
62.484113569402
56.338835158097
61.110699315527
58.7539743443
62.547926822223
58.468714195284
59.020898153374
58.755584797331
62.529681160906
58.797487454369
58.789424603506
62.478649917322
58.773305546439
58.752363985827
58.745923428314
62.935408107785
58.41454109436
58.812006144192
58.609394650507
62.707114441194
58.689628736288
58.7539743443
62.591759867486
58.745923428314
58.723392595823
58.792649479738
62.444068980366
58.808779150468
58.70570192166
62.538802657217
56.82271233228
60.828036321723
58.615805310999
62.727299323097
58.799100287426
58.813619780155
58.755584791052
62.453165514662
57.293526484742
60.348536039343
62.400442474991
57.322636720804
60.251848102901
58.812006144192
62.887402451025
58.463930177644
58.860453626859
